1.434948979588976901e-03 1.231664540813871833e-02 6.357621173456716804e-03 9.396922831613925553e-02 3.875956632645336519e-01 2.989477040810368247e-01 4.476243622440058412e-02 3.501674107135878400e-02 1.034558354589774909e-01 1.614317602037599123e-02
1.434948979588976901e-03 1.251594387752607597e-02 6.696428571415225829e-03 9.400908801001672810e-02 3.914221938767709075e-01 2.989277742340981092e-01 4.528061224480771363e-02 3.507653061217499285e-02 9.921077806102676644e-02 1.542570153058150234e-02
1.155931122446675861e-03 1.255580357140354854e-02 6.756218112231432947e-03 9.474649234674994980e-02 3.846859056114781961e-01 2.941446109688015120e-01 4.573899872439864123e-02 3.531568877543982132e-02 1.087970344385586763e-01 1.610331632649851866e-02
1.434948979588976901e-03 1.335299744895297909e-02 6.676498724476489545e-03 9.646045918348122861e-02 3.866191007645355948e-01 2.876275510198349483e-01 4.753268494888485823e-02 3.750797193870075708e-02 1.050502232140763520e-01 1.773756377547485233e-02
1.295440051017826381e-03 1.363201530609528013e-02 7.015306122434997703e-03 9.638073979572628347e-02 3.889907525502451224e-01 2.864716198973882300e-01 4.703443877541646501e-02 3.712930484686477461e-02 1.041135204079557675e-01 1.793686224486221170e-02
1.494738520405184236e-03 1.367187499997275270e-02 7.334183673454770444e-03 9.462691326511753209e-02 3.869977678563715773e-01 2.911949936218686252e-01 4.761240433663980337e-02 3.433912627544176421e-02 1.030572385202027652e-01 1.967075892853222333e-02
1.474808673466448386e-03 1.315369897956562145e-02 7.433832908148449263e-03 9.321189413246729061e-02 3.878946109686146615e-01 2.943837691320663752e-01 4.613759566317335303e-02 3.473772321421648296e-02 1.041733099487719694e-01 1.739875637751634591e-02
1.694036989792542091e-03 1.391103316323758117e-02 7.732780612229486587e-03 9.271364795899889044e-02 3.961256377543125873e-01 2.889229910708527305e-01 4.781170280602715927e-02 3.408003826523819946e-02 9.817442602021250742e-02 1.883370535710532021e-02
1.913265306118635796e-03 1.436941964282850530e-02 7.354113520393506728e-03 8.974410076512726042e-02 3.881337691318795247e-01 2.928093112239062434e-01 4.567920918358243237e-02 3.445870535707418192e-02 1.074019451528471780e-01 1.813616071424956760e-02
1.713966836731277942e-03 1.393096301017631745e-02 7.095025510189941105e-03 9.371014030593569077e-02 3.867386798461679986e-01 2.914540816320722039e-01 4.679528061215163653e-02 3.533561862237855761e-02 1.057278380099933718e-01 1.749840561221002386e-02
1.494738520405184236e-03 1.311383928568815062e-02 9.008290816308576685e-03 9.269371811206016110e-02 3.964644451522710833e-01 2.904376594381966603e-01 4.581871811215357942e-02 3.431919642850302793e-02 9.747688137735674441e-02 1.917251275506383010e-02
1.634247448976334756e-03 1.480787627548069141e-02 7.374043367332242145e-03 9.117904974471624513e-02 4.055723852032733223e-01 2.885642538259555190e-01 4.771205357133347785e-02 3.334263392850497776e-02 9.091996173451268037e-02 1.889349489792152906e-02
1.753826530608749426e-03 1.347257653058539333e-02 7.553411989780864366e-03 9.157764668349095694e-02 4.016661352032810939e-01 2.841597576524949043e-01 4.759247448970106709e-02 3.501674107135878400e-02 9.879225127531331141e-02 1.841517857139186864e-02
1.554528061221391571e-03 1.193797831630273761e-02 7.792570153045693705e-03 9.293287627532498263e-02 4.077845982134730152e-01 2.955197704075742671e-01 4.633689413256070894e-02 3.386080994891210727e-02 8.661511479574574013e-02 1.566485969384633081e-02
1.594387755098863272e-03 1.313376913262688517e-02 7.493622448964657248e-03 9.564333545899306177e-02 3.993144132645102817e-01 2.875876913259574619e-01 4.725366709174255719e-02 3.457828443870659268e-02 9.428810586715902220e-02 1.911272321424762125e-02
1.554528061221391571e-03 1.297433035711700010e-02 7.692920918352014886e-03 9.233498086716292186e-02 4.061503507644966815e-01 2.906967474484002389e-01 4.755261479582359452e-02 3.427933673462556230e-02 8.982382015288220556e-02 1.694036989792542178e-02
1.953124999996107497e-03 1.361208545915654385e-02 7.573341836719599783e-03 9.424824617328154963e-02 3.991749043359391624e-01 2.857740752545324669e-01 4.689492984684531102e-02 3.503667091829752028e-02 9.713807397939823451e-02 1.859454719384049173e-02
1.813616071424956977e-03 1.271524234691343361e-02 8.988360969369842135e-03 9.606186224470650292e-02 4.004703443869569446e-01 2.865314094382044319e-01 4.958545918357464694e-02 3.585379464278568712e-02 9.024234693859566059e-02 1.773756377547485233e-02
1.594387755098863272e-03 1.462850765303207005e-02 7.075095663251205688e-03 9.404894770389418679e-02 3.949497767849271535e-01 2.839604591831075275e-01 4.829001913255681622e-02 3.485730229584889373e-02 1.022002551018371258e-01 1.839524872445313583e-02
1.514668367343920087e-03 1.391103316323758117e-02 7.892219387739372524e-03 9.524473852021833609e-02 4.014867665808324881e-01 2.854352678565739709e-01 4.725366709174255719e-02 3.382095025503463470e-02 9.580277423450293817e-02 1.763791454078117438e-02
1.853475765302428462e-03 1.365194515303401641e-02 6.955516581618790585e-03 9.468670280593373401e-02 4.018056441318522687e-01 2.854153380096352555e-01 4.687499999990657473e-02 3.493702168360383886e-02 9.460698341817878887e-02 1.921237244894130267e-02
1.614317602037598906e-03 1.349250637752412961e-02 7.513552295903392665e-03 9.285315688757005137e-02 3.959064094379864951e-01 2.893614477035049148e-01 4.767219387745601222e-02 3.358179209176980623e-02 9.849330357123227409e-02 1.951132015302233999e-02
1.654177295915070607e-03 1.329320790813677197e-02 7.174744897944884507e-03 9.291294642838625328e-02 3.986965880094094916e-01 2.878069196422835541e-01 4.834980867337302507e-02 3.384088010197337099e-02 9.741709183654054249e-02 1.885363520404405649e-02
1.773756377547485276e-03 1.299426020405573465e-02 7.374043367332242145e-03 9.307238520389614356e-02 3.980787627543086460e-01 2.904177295912579448e-01 4.735331632643623861e-02 3.334263392850497776e-02 9.667968749980732079e-02 1.891342474486026534e-02
1.574457908160127421e-03 1.361208545915654385e-02 7.493622448964657248e-03 9.406887755083293001e-02 4.004304846930795136e-01 2.904575892851354313e-01 4.597815688766346970e-02 3.417968749993188088e-02 9.378985969369062203e-02 1.841517857139186864e-02
1.753826530608749426e-03 1.337292729589171537e-02 8.011798469371786760e-03 9.596221301001282844e-02 4.012675382645063960e-01 2.852758290810640807e-01 4.900749362235130857e-02 3.475765306115521924e-02 9.275350765287636301e-02 1.783721301016853375e-02
1.813616071424956977e-03 1.315369897956562145e-02 8.549904336717654291e-03 9.646045918348122861e-02 4.041573660706230808e-01 2.867506377545305241e-01 4.896763392847383600e-02 3.417968749993188088e-02 8.765146683655999915e-02 1.831552933669819069e-02
1.973054846934843131e-03 1.337292729589171537e-02 7.812499999984429989e-03 9.745695153041801506e-02 4.043367346930716866e-01 2.858537946422874398e-01 4.880819515296395267e-02 3.461814413258406525e-02 8.729272959166275991e-02 1.847496811220807750e-02
1.873405612241164312e-03 1.319355867344309229e-02 7.912149234678108808e-03 9.699856505082708746e-02 4.030612244889926199e-01 2.854751275504514574e-01 4.793128188765957698e-02 3.507653061217499285e-02 9.072066326512531753e-02 1.775749362241358861e-02
1.893335459179899946e-03 1.399075255099252457e-02 7.473692602025920964e-03 9.697863520388835812e-02 4.007692920910380097e-01 2.863719706626945416e-01 4.844945790806670649e-02 3.409996811217693574e-02 9.215561224471428836e-02 1.781728316322979747e-02
1.614317602037598906e-03 1.267538265303596277e-02 8.171237244881673564e-03 1.017219387753074689e-01 3.766741071421064180e-01 3.088329081626497996e-01 5.438855229580997347e-02 3.563456632645959493e-02 8.248963647942743338e-02 1.779735331629106118e-02
8.769132653043747129e-04 7.852359693861901691e-03 5.062181122438890422e-03 9.952965561204653311e-02 3.841079400502548924e-01 3.289620535707729609e-01 5.582350127539895124e-02 3.830516581625018763e-02 6.949537627537169526e-02 9.984853316306630325e-03
1.454878826527712752e-03 1.090162627548847685e-02 6.895727040802583467e-03 9.741709183654054249e-02 3.978993941318600402e-01 3.131776147952942124e-01 5.293367346928225942e-02 3.880341198971858085e-02 6.804049744884398121e-02 1.247608418364860514e-02
1.175860969385411712e-03 9.905133928551686923e-03 6.018813775498208646e-03 9.526466836715707931e-02 4.178292410705958249e-01 3.154496173463101072e-01 5.253507653050754067e-02 3.525589923462361247e-02 5.369100765295421740e-02 1.287468112242332041e-02
8.769132653043747129e-04 9.785554846919272687e-03 6.457270408150395623e-03 9.432796556103649477e-02 4.227319834175248259e-01 3.115433673463178788e-01 5.119977678561224432e-02 3.449856505095165449e-02 5.650111607131596408e-02 1.207748724487388813e-02
1.136001275507940011e-03 9.964923469367895775e-03 6.277901785701774269e-03 9.410873724471040258e-02 4.211774553563034651e-01 3.124999999993771649e-01 5.143893494887707279e-02 3.320312499993382377e-02 5.745774872437528491e-02 1.273517219385216989e-02
1.155931122446675861e-03 9.426817602022028245e-03 6.616709183660282427e-03 9.333147321409970831e-02 4.230907206624220929e-01 3.111248405606044098e-01 5.233577806112018477e-02 3.352200255095359738e-02 5.705915178560056616e-02 1.233657525507745462e-02
1.992984693873579090e-04 3.667091836727385222e-03 1.733896683670013792e-03 8.575813137738010072e-02 3.406210140299333888e-01 3.436503507646212485e-01 3.557477678564338608e-02 4.635682397949944522e-02 1.379544005099291315e-01 4.484215561215552925e-03
2.192283163260936782e-04 4.025829081624629664e-03 1.833545918363692611e-03 8.761160714268252658e-02 3.484933035707340476e-01 3.385483099483048708e-01 3.673070790809006281e-02 4.860889668357658983e-02 1.284877232140296255e-01 5.440848214274870281e-03
3.388073979585084290e-04 3.427933673462555883e-03 1.016422193875525341e-03 8.599728954064493613e-02 3.594547193870387125e-01 3.412388392850341789e-01 3.537547831625603018e-02 4.862882653051532611e-02 1.207150829079226828e-01 3.806600765298535742e-03
2.790178571423010401e-04 2.790178571423010401e-03 1.235650510201619047e-03 8.344626913248674727e-02 3.675063775502879770e-01 3.307955994891366158e-01 3.661112882645764510e-02 4.627710459174450702e-02 1.278499681119900921e-01 3.208705357136462395e-03
1.395089285711505200e-04 3.168845663258990693e-03 1.355229591834033716e-03 8.296795280595709032e-02 3.711933992339541133e-01 3.286232461728144649e-01 3.800621811216915030e-02 4.717394770398761206e-02 1.239636479589366208e-01 3.408003826523820032e-03
9.964923469367895450e-05 4.145408163257043900e-03 1.654177295915070607e-03 8.563855229574768302e-02 3.657326211727404686e-01 3.379304846932040807e-01 4.259008290807838465e-02 4.767219387745601222e-02 1.098931760201891511e-01 4.643654336725438862e-03
1.195790816324147373e-04 4.264987244889459003e-03 1.395089285711505200e-03 8.906648596921024064e-02 3.701969068870172852e-01 3.289620535707729609e-01 4.119499362236687945e-02 5.151865433663201793e-02 1.080994897957029272e-01 5.181760204071305526e-03
0.000000000000000000e+00 2.869897959177953803e-03 3.985969387747157909e-05 7.146843112230653883e-02 1.307995854589229789e-01 4.062101403053128834e-01 3.675063775502879909e-02 5.769690688764011338e-02 2.910953443871749369e-01 3.069196428565311874e-03
4.185267857134516143e-04 6.058673469375680347e-03 3.746811224482328624e-03 9.213568239777555902e-02 3.346619897952514133e-01 3.427136479585006223e-01 4.215162627542619334e-02 4.239078443869102875e-02 1.271125637752568704e-01 8.609693877533861409e-03
5.779655612233379307e-04 5.998883928559473229e-03 3.647161989788649371e-03 9.508529974470845969e-02 3.453244579074750131e-01 3.337452168360695581e-01 4.504145408154288516e-02 4.183274872440642667e-02 1.186224489793554215e-01 1.012436224487778084e-02
5.181760204071304875e-04 7.095025510189941105e-03 3.746811224482328624e-03 9.430803571409775155e-02 3.554089604584753648e-01 3.297991071421998432e-01 4.583864795909231571e-02 4.125478316318308830e-02 1.127032844385508908e-01 9.327168367328350293e-03
8.171237244881673781e-04 9.386957908144557411e-03 4.304846938766930704e-03 9.376992984675189269e-02 3.616270727033609189e-01 3.183593749993655075e-01 4.508131377542035773e-02 4.029815051012376748e-02 1.145567602038533167e-01 1.179846938773158709e-02
1.175860969385411712e-03 1.028380102038766765e-02 4.165338010195780184e-03 9.538424744878949701e-02 3.705357142849757812e-01 3.056242028055133342e-01 4.601801658154094227e-02 4.259008290807838465e-02 1.112882653059006494e-01 1.293447066323952753e-02
1.076211734691732676e-03 1.066246811222364838e-02 6.297831632640509686e-03 9.337133290797718088e-02 3.701769770400785697e-01 3.034518494891911278e-01 4.711415816317141014e-02 3.876355229584110829e-02 1.162109374997683936e-01 1.287468112242332041e-02
9.765624999980537487e-04 9.466677295899500813e-03 4.264987244889459003e-03 9.181680484675577847e-02 3.770328443870036850e-01 3.082549426014264404e-01 4.773198341827221414e-02 3.726881377543592860e-02 1.110291772956970846e-01 1.215720663262883153e-02
8.769132653043747129e-04 9.367028061205821127e-03 4.623724489786703445e-03 9.659996811205237566e-02 3.771723533155748043e-01 3.041493941320468908e-01 4.771205357133347785e-02 3.962053571420674769e-02 1.075015943875408525e-01 1.237643494895492545e-02
1.036352040814260975e-03 1.004464285712283744e-02 5.580357142846020801e-03 9.422831632634282029e-02 3.818757971931164841e-01 2.942044005096177139e-01 4.667570153051921883e-02 3.850446428563754353e-02 1.126235650507959457e-01 1.522640306119414297e-02
1.215720663262883196e-03 1.040338010202008188e-02 5.221619897948777227e-03 9.614158163246144806e-02 3.827128507645433664e-01 2.932876275504358587e-01 4.852917729582165163e-02 3.854432397951501610e-02 1.099728954079440962e-01 1.397082270405378829e-02
1.494738520405184236e-03 1.066246811222364838e-02 5.978954081620736945e-03 9.406887755083293001e-02 3.850845025502529495e-01 2.930484693871710511e-01 4.699457908153899244e-02 3.848453443869880725e-02 1.083187181120290193e-01 1.586415816323369019e-02
8.370535714269032286e-04 1.046316964283628900e-02 5.141900510193833825e-03 9.596221301001282844e-02 3.890505420910613799e-01 2.951809630096157711e-01 4.717394770398761206e-02 3.948102678563560064e-02 1.023796237242857593e-01 1.432955994895103273e-02
1.155931122446675861e-03 9.267378826512143175e-03 4.484215561215552925e-03 9.683912627531719719e-02 3.941127232135002711e-01 2.930086096932935646e-01 4.842952806112797021e-02 4.023836096930755862e-02 9.875239158143583884e-02 1.371173469385022353e-02
1.175860969385411712e-03 9.665975765286858451e-03 5.899234693865793543e-03 9.695870535694961490e-02 3.914620535706483939e-01 2.850964604586154749e-01 4.777184311214968671e-02 4.115513392848940688e-02 1.074019451528471780e-01 1.341278698976918621e-02
1.275510204079090531e-03 1.112085459181457077e-02 5.978954081620736945e-03 9.462691326511753209e-02 3.950693558665595573e-01 2.867904974484080105e-01 4.615752551011208932e-02 3.864397321420869752e-02 1.055086096936672657e-01 1.482780612241942769e-02
1.016422193875525341e-03 1.132015306120192841e-02 6.397480867334188505e-03 9.570312499980926368e-02 3.934948979583994255e-01 2.860132334177973301e-01 4.785156249990463184e-02 3.836495535706639648e-02 1.057079081630546286e-01 1.413026147956367509e-02
1.116071428569204160e-03 1.006457270406157373e-02 5.680006377539700488e-03 9.640066964266501282e-02 3.941127232135002711e-01 2.908960459177876157e-01 4.585857780603105199e-02 3.926179846930950845e-02 1.037149234691810556e-01 1.289461096936205670e-02
1.136001275507940011e-03 1.066246811222364838e-02 5.241549744887512643e-03 9.799505739776387392e-02 3.987165178563482071e-01 2.835020727035166277e-01 4.719387755092634834e-02 3.974011479583916540e-02 1.027981505099992005e-01 1.301419005099447093e-02
1.255580357140354680e-03 1.108099489793709994e-02 5.859374999988321842e-03 9.634088010184881090e-02 3.975605867339015442e-01 2.837013711729039489e-01 4.936623086724855475e-02 3.964046556114548397e-02 1.017020089283687395e-01 1.349250637752412961e-02
7.772640306106957855e-04 8.988360969369842135e-03 4.623724489786703445e-03 9.763632015286663468e-02 3.973214285706367366e-01 2.926897321422738396e-01 5.036272321418534120e-02 3.976004464277790168e-02 9.622130102021639320e-02 1.161910076528296573e-02
8.569834183656389708e-04 7.493622448964657248e-03 4.304846938766930704e-03 9.646045918348122861e-02 3.963647959175773949e-01 3.043686224483729830e-01 4.898756377541257229e-02 3.960060586726801141e-02 8.980389030594347621e-02 1.175860969385411625e-02
9.964923469367895450e-05 4.563934948970496328e-03 3.587372448972442254e-04 6.698421556109099284e-02 1.258569834181165192e-01 2.519730548464366171e-01 2.527104591831698041e-02 5.512595663254319517e-02 4.648437499990735744e-01 4.922672193867739902e-03
2.590880102035652438e-04 3.408003826523820032e-03 3.587372448972442254e-04 7.419882015291334731e-02 1.376554528058480942e-01 2.618781887749883075e-01 2.620774872443756495e-02 6.206154336722324860e-02 4.301060267848570984e-01 3.866390306114743294e-03
1.395089285711505200e-04 5.919164540804529827e-03 4.783163265296589491e-04 7.104990433659309768e-02 1.384327168364588023e-01 2.590082908158103381e-01 2.664620535708975280e-02 5.817522321416977032e-02 4.337731186215844637e-01 6.377551020395453088e-03
1.992984693873578954e-05 3.886320153053479144e-03 3.587372448972442254e-04 6.865832270394479908e-02 1.288265306119881493e-01 2.509765624994997890e-01 2.556999362239801774e-02 5.668048469376458370e-02 4.607182716827552538e-01 4.304846938766930704e-03
1.395089285711505200e-04 4.544005102031760043e-03 6.576849489782811160e-04 5.287388392846605056e-02 1.219108737242468321e-01 2.496412627546044927e-01 2.248086734689397001e-02 4.055723852032733223e-02 5.021723533153257257e-01 5.022321428561418721e-03
7.971938775494315818e-05 4.544005102031760043e-03 2.590880102035652438e-04 8.256935586718237852e-02 1.258569834181165192e-01 2.767059948974077144e-01 3.023357780606219375e-02 6.839923469374123433e-02 4.061702806114353970e-01 5.181760204071305526e-03
1.992984693873578954e-05 4.444355867338081224e-03 3.786670918359800217e-04 6.403459821415809217e-02 1.151546556120153914e-01 2.650669642851860019e-01 2.363679846934064674e-02 5.155851403050949050e-02 4.706433354582456596e-01 5.062181122438890422e-03
1.395089285711505200e-04 4.025829081624629664e-03 8.769132653043747129e-04 9.566326530593179112e-02 3.014588647953175826e-01 3.555086096931689976e-01 4.400510204072862613e-02 5.970982142845242951e-02 1.336096938772847464e-01 5.002391581622683304e-03
1.195790816324147373e-04 4.484215561215552925e-03 1.474808673466448386e-03 9.484614158144362428e-02 3.234813456626206007e-01 3.462213010197181529e-01 4.573899872439864123e-02 5.731823979580413092e-02 1.212133290813910691e-01 5.102040816316362123e-03
1.195790816324147373e-04 4.743303571419117681e-03 1.773756377547485276e-03 9.384964923450683782e-02 3.226442920911937184e-01 3.507653061217498869e-01 4.464285714276816641e-02 5.582350127539895124e-02 1.205755739793515358e-01 5.062181122438890422e-03
1.594387755098863272e-03 1.022401147957146053e-02 7.633131377535807768e-03 1.010044642855129904e-01 3.815967793359741900e-01 3.013193558667464078e-01 5.454799107131985680e-02 4.362643494889264367e-02 8.462213010187216722e-02 1.383131377548263777e-02
1.434948979588976901e-03 9.944993622429159491e-03 7.095025510189941105e-03 1.013034119895940138e-01 3.803411989788338388e-01 3.052853954075548382e-01 5.359135841826053598e-02 4.400510204072862613e-02 8.414381377534251027e-02 1.285475127548458413e-02
1.953124999996107497e-03 1.355229591834033673e-02 8.330676020391560369e-03 9.590242346919662653e-02 3.890106823971838934e-01 2.933872767851295471e-01 5.377072704070916254e-02 3.960060586726801141e-02 8.830915178553828959e-02 1.618303571425346032e-02
1.813616071424956977e-03 1.080197704079479890e-02 7.374043367332242145e-03 9.783561862225399752e-02 3.939732142849290963e-01 2.946229272953311829e-01 5.438855229580997347e-02 4.055723852032733223e-02 8.426339285697491410e-02 1.436941964282850530e-02
1.793686224486221127e-03 1.082190688773353344e-02 7.573341836719599783e-03 9.705835459164330326e-02 3.960857780604351008e-01 2.949019451524734770e-01 5.255500637744627696e-02 3.944116709175812807e-02 8.593749999982872034e-02 1.383131377548263777e-02
1.594387755098863272e-03 1.100127551018215653e-02 7.892219387739372524e-03 9.739716198960179927e-02 3.966637436216584045e-01 2.940648915810465946e-01 5.171795280601937383e-02 3.991948341828778501e-02 8.605707908146113805e-02 1.369180484691148725e-02
1.514668367343920087e-03 1.285475127548458413e-02 7.952008928555579642e-03 9.586256377531915396e-02 3.966637436216584045e-01 2.905373086728903487e-01 5.339205994887318008e-02 3.914221938767709075e-02 8.617665816309355575e-02 1.590401785711115928e-02
1.355229591834033716e-03 1.014429209181651713e-02 7.254464285699827909e-03 9.697863520388835812e-02 3.979791135196150131e-01 2.990672831626692840e-01 5.211654974479409258e-02 4.085618622440836956e-02 8.205117984677524900e-02 1.219706632650630410e-02
1.375159438772769567e-03 1.098134566324342025e-02 7.114955357128677389e-03 9.683912627531719719e-02 4.021843112236882511e-01 2.960180165810427089e-01 5.092075892846994328e-02 3.880341198971858085e-02 8.175223214269421168e-02 1.401068239793126086e-02
1.395089285711505200e-03 1.205755739793515358e-02 6.995376275496262286e-03 9.652024872429743052e-02 4.018255739787909842e-01 2.963966836728786913e-01 5.108019770397982662e-02 3.842474489788260533e-02 8.089524872432857228e-02 1.440927933670597613e-02
1.753826530608749426e-03 1.207748724487388813e-02 8.051658163249259328e-03 9.494579081613729876e-02 4.057118941318444971e-01 2.929089604585999318e-01 5.179767219377431897e-02 3.641183035707028920e-02 8.207110969371397835e-02 1.426977040813482561e-02
1.195790816324147346e-03 1.096141581630468397e-02 7.354113520393506728e-03 9.669961734674605014e-02 3.993542729583877682e-01 2.961176658157363417e-01 5.301339285703720455e-02 3.802614795910788659e-02 8.402423469371009257e-02 1.325334821425930114e-02
1.295440051017826381e-03 1.098134566324342025e-02 6.995376275496262286e-03 9.669961734674605014e-02 4.048549107134788438e-01 2.968949298463470776e-01 5.078124999989879623e-02 3.884327168359605342e-02 7.908163265290361899e-02 1.357222576527907301e-02
1.315369897956562232e-03 1.022401147957146053e-02 6.915656887741318884e-03 9.357063137736452985e-02 3.496691645401194259e-01 3.090521364789758918e-01 4.575892857133737057e-02 4.201211734685504628e-02 1.280293367344387256e-01 1.345264668364665878e-02
1.235650510201619047e-03 7.194674744883619924e-03 5.699936224478435905e-03 8.663504464268448335e-02 3.706951530604856715e-01 3.154296874993713362e-01 4.894770408153509972e-02 3.872369260196364266e-02 1.161312181120134485e-01 9.307238520389614009e-03
1.056281887752996826e-03 1.126036352038572129e-02 5.341198979581191462e-03 9.775589923449905239e-02 3.779296874992467692e-01 3.071588010197959795e-01 5.010363520398177645e-02 4.085618622440836956e-02 9.508529974470845969e-02 1.345264668364665878e-02
1.016422193875525341e-03 1.012436224487778084e-02 4.982461734683947888e-03 9.606186224470650292e-02 3.907445790808539154e-01 3.033920599483749259e-01 4.773198341827221414e-02 3.922193877543203588e-02 9.448740433654638504e-02 1.223692602038377493e-02
8.171237244881673781e-04 1.044323979589755445e-02 4.623724489786703445e-03 9.600207270389030101e-02 3.959661989788026970e-01 2.998644770402186799e-01 4.856903698969911726e-02 3.896285076522847113e-02 9.189652423451072361e-02 1.285475127548458413e-02
9.566326530593178981e-04 9.526466836715707931e-03 4.823022959174061083e-03 9.628109056103259511e-02 3.978196747441051229e-01 3.036710778055172200e-01 4.723373724480382091e-02 3.675063775502879909e-02 9.052136479573795469e-02 1.241629464283239802e-02
7.174744897944884507e-04 7.872289540800636240e-03 4.105548469379573066e-03 9.634088010184881090e-02 3.981186224481861324e-01 3.055245535708196458e-01 4.860889668357658983e-02 3.912228954073835446e-02 8.711336096921414029e-02 1.247608418364860514e-02
1.454878826527712752e-03 1.126036352038572129e-02 5.660076530600964204e-03 9.626116071409386576e-02 3.886918048461641129e-01 3.008609693871555080e-01 4.789142219378210441e-02 3.708944515298730205e-02 9.594228316307409909e-02 1.488759566323563481e-02
1.654177295915070607e-03 1.223692602038377493e-02 6.915656887741318884e-03 9.954958545898527633e-02 3.930365114788085257e-01 2.935267857137007219e-01 4.986447704071694798e-02 3.760762117339443850e-02 9.032206632635060573e-02 1.528619260201035009e-02
1.375159438772769567e-03 1.175860969385411625e-02 5.959024234682001528e-03 9.905133928551687617e-02 3.944515306114587672e-01 2.975526147953253542e-01 5.070153061214385110e-02 3.627232142849913521e-02 8.683434311207183232e-02 1.604352678568230980e-02
1.016422193875525341e-03 1.060267857140743952e-02 5.719866071417171322e-03 9.976881377531136852e-02 3.980389030604312151e-01 2.983498086728747500e-01 4.813058035704693288e-02 3.667091836727385396e-02 8.625637755084850089e-02 1.544563137752023689e-02
9.765624999980537487e-04 1.084183673467226973e-02 5.520567602029813684e-03 9.903140943857814682e-02 3.979193239787988112e-01 2.994260204075664955e-01 5.108019770397982662e-02 3.780691964278179440e-02 8.352598852024169240e-02 1.387117346936011034e-02
1.195790816324147346e-03 1.054288903059123240e-02 6.198182397946830867e-03 1.028380102038766730e-01 3.874162946420850462e-01 2.968749999994083066e-01 5.062181122438890596e-02 3.581393494890821455e-02 9.153778698961348437e-02 1.696029974486415806e-02
1.116071428569204160e-03 1.050302933671376157e-02 6.915656887741318884e-03 9.799505739776387392e-02 3.566246811217382295e-01 3.207310267850750907e-01 5.223612882642650335e-02 4.253029336726217580e-02 9.699856505082708746e-02 1.434948979588976901e-02
1.614317602037598906e-03 1.175860969385411625e-02 6.796077806108904648e-03 1.006058673467382647e-01 3.606106505094853754e-01 3.138352997442724890e-01 5.203683035703914744e-02 4.023836096930755862e-02 9.727758290796939544e-02 1.522640306119414297e-02
1.554528061221391571e-03 1.147959183671181521e-02 6.437340561211660206e-03 9.713807397939823451e-02 3.742625956625194039e-01 3.089325573973434880e-01 4.986447704071694798e-02 3.784677933665926697e-02 9.652024872429743052e-02 1.596380739792736814e-02
1.175860969385411712e-03 1.088169642854974056e-02 5.859374999988321842e-03 9.725765306103065222e-02 3.754185267849660668e-01 3.061623086728592069e-01 4.880819515296395267e-02 3.860411352033122495e-02 1.012037627549003393e-01 1.462850765303207005e-02
1.494738520405184236e-03 1.247608418364860514e-02 6.855867346925111766e-03 9.410873724471040258e-02 3.904854910706503368e-01 3.019172512749084825e-01 5.159837372438696307e-02 3.794642857135294145e-02 8.651546556105206565e-02 1.660156249996691188e-02
1.594387755098863272e-03 1.301419005099447093e-02 7.035235969373733987e-03 9.576291454062546560e-02 3.880939094380020382e-01 2.956991390300229283e-01 5.253507653050754067e-02 3.772720025502684926e-02 9.155771683655221371e-02 1.698022959180289435e-02
1.375159438772769567e-03 1.157924107140549316e-02 6.875797193863847183e-03 9.835379464266112703e-02 3.818558673461777131e-01 2.958785076524715341e-01 5.281409438764984171e-02 3.836495535706639648e-02 9.502551020389224390e-02 1.787707270404600285e-02
1.315369897956562232e-03 1.279496173466837701e-02 6.517059948966603608e-03 9.450733418348511439e-02 3.914421237237096785e-01 3.000837053565447721e-01 4.950573979581970180e-02 3.720902423461971975e-02 9.074059311206404688e-02 1.588408801017242300e-02
1.893335459179899946e-03 1.293447066323952753e-02 8.749202806105011929e-03 9.022241709165691737e-02 3.583585778054082516e-01 2.736766581627198547e-01 4.490194515297173811e-02 3.258529974483301977e-02 1.584622130098882753e-01 1.821588010200451274e-02
1.733896683670013792e-03 1.223692602038377493e-02 8.390465561207767486e-03 9.327168367328349252e-02 3.547712053564358037e-01 2.807517538259710621e-01 4.601801658154094227e-02 3.543526785707223209e-02 1.491749043364373750e-01 1.821588010200451274e-02
1.913265306118635796e-03 1.291454081630079125e-02 8.709343112227541095e-03 9.490593112225982619e-02 3.732262436217051449e-01 2.889229910708527305e-01 4.914700255092245562e-02 3.497688137748131143e-02 1.166892538262980505e-01 1.859454719384049173e-02
1.953124999996107497e-03 1.185825892854779420e-02 7.872289540800636240e-03 9.889190051000698589e-02 3.626634247441751779e-01 2.943239795912501733e-01 4.892777423459636343e-02 3.888313137747352599e-02 1.167091836732367799e-01 1.791693239792347542e-02
1.713966836731277942e-03 1.289461096936205670e-02 8.171237244881673564e-03 9.729751275490812479e-02 3.685227997441635206e-01 2.941047512749240811e-01 5.110012755091856290e-02 3.655133928564143625e-02 1.112284757650844474e-01 1.841517857139186864e-02
1.574457908160127421e-03 1.353236607140160218e-02 7.334183673454770444e-03 9.956951530592400568e-02 3.613879145400960557e-01 2.945232780606374945e-01 5.078124999989879623e-02 3.762755102033317478e-02 1.150350765303829736e-01 1.863440688771796430e-02
1.753826530608749426e-03 1.259566326528101937e-02 7.672991071413279469e-03 9.763632015286663468e-02 3.658721301013116434e-01 2.936862244892106122e-01 5.297353316315973198e-02 3.848453443869880725e-02 1.104711415814124825e-01 1.885363520404405649e-02
1.694036989792542091e-03 1.183832908160905965e-02 7.912149234678108808e-03 9.877232142837458206e-02 3.710538903053829385e-01 2.992665816320566052e-01 5.094068877540867957e-02 4.019850127543008605e-02 1.013831313773489590e-01 1.694036989792542178e-02
1.893335459179899946e-03 1.219706632650630410e-02 7.633131377535807768e-03 9.885204081612951332e-02 3.570232780605129275e-01 2.917131696422757825e-01 4.944595025500349295e-02 3.653140943870269997e-02 1.265345982140335390e-01 1.817602040812704017e-02
1.953124999996107497e-03 1.311383928568815062e-02 8.828922193859955331e-03 9.847337372429354474e-02 3.309151785707690752e-01 2.838209502545364082e-01 4.836973852031176135e-02 3.469786352033901039e-02 1.605548469384555366e-01 1.927216198975750805e-02
2.032844387751050683e-03 1.313376913262688517e-02 7.752710459168222004e-03 9.490593112225982619e-02 3.603714923462205677e-01 2.914142219381947174e-01 5.179767219377431897e-02 3.483737244891016438e-02 1.252391581630157014e-01 1.851482780608555007e-02
1.913265306118635796e-03 1.385124362242137405e-02 7.892219387739372524e-03 9.496572066307604199e-02 3.421356823972773187e-01 2.840800382647399314e-01 4.725366709174255719e-02 3.671077806115132652e-02 1.501116071425579734e-01 2.108577806118246481e-02
1.992984693873578982e-03 1.307397959181067805e-02 8.629623724472597693e-03 1.002471301018410255e-01 3.447464923462517095e-01 2.907366071422777254e-01 4.711415816317141014e-02 3.569435586727579685e-02 1.381736288262552237e-01 1.959103954077728166e-02
1.634247448976334756e-03 1.311383928568815062e-02 7.852359693861901691e-03 9.943000637735285863e-02 3.552495216829654745e-01 2.977718431116514464e-01 4.789142219378210441e-02 3.691007653053868243e-02 1.201769770405768101e-01 1.996970663261326065e-02
1.654177295915070607e-03 1.323341836732056485e-02 7.433832908148449263e-03 9.795519770388640135e-02 3.730668048461952546e-01 3.047273596932702500e-01 5.141900510193833651e-02 3.758769132645570221e-02 9.564333545899306177e-02 1.727917729588393167e-02
1.574457908160127421e-03 1.136001275507940098e-02 6.357621173456716804e-03 9.954958545898527633e-02 3.625039859686652877e-01 3.095105229585667916e-01 4.980468749990073912e-02 3.796635841829167773e-02 1.048907844385664617e-01 1.648198341833449765e-02
1.454878826527712752e-03 1.004464285712283744e-02 5.879304846927058126e-03 9.729751275490812479e-02 3.690808354584481088e-01 3.049465880095963422e-01 4.914700255092245562e-02 3.657126913258017253e-02 1.123246173467149084e-01 1.325334821425930114e-02
2.052774234689786533e-03 1.137994260201813553e-02 9.506536989776971647e-03 1.040736607140782949e-01 3.855628188767826203e-01 3.011200573973590311e-01 5.243542729581386619e-02 3.565449617339833122e-02 8.244977678554996081e-02 1.576450892854000876e-02
1.295440051017826381e-03 1.088169642854974056e-02 6.756218112231432947e-03 9.941007653041411540e-02 3.486726721931826534e-01 3.200534119891580431e-01 5.147879464275454536e-02 3.547512755094970466e-02 1.104312818875350100e-01 1.554528061221391658e-02
1.594387755098863272e-03 1.209741709181262441e-02 7.274394132638563326e-03 9.604193239776777358e-02 3.011001275504203156e-01 3.217474489789505787e-01 5.060188137745016967e-02 3.517617984686866733e-02 1.576650191323388239e-01 1.670121173466059331e-02
3.288424744891405363e-03 1.751833545914876014e-02 1.094148596936594942e-02 1.146962691324244776e-01 3.097297512748929393e-01 2.818279655606628076e-01 5.520567602029814031e-02 4.516103316317530286e-02 1.345264668364665739e-01 2.710459183668067346e-02
2.849968112239217952e-03 1.650191326527323393e-02 8.270886479575353251e-03 1.081592793365191291e-01 3.507055165809336850e-01 2.869698660708566162e-01 5.229591836724271220e-02 3.894292091828973484e-02 1.117067920916141044e-01 2.359693877546317417e-02
1.893335459179899946e-03 1.379145408160516693e-02 6.138392857130623749e-03 1.026985012753055260e-01 3.591557716829576474e-01 3.010004783157266273e-01 5.205676020397788373e-02 3.966039540808422026e-02 1.061463647957068129e-01 1.745854591833255129e-02
1.833545918363692611e-03 1.299426020405573465e-02 5.600286989784757086e-03 1.019411670916335610e-01 3.580795599482659575e-01 3.050462372442899750e-01 5.123963647948971689e-02 3.685028698972247357e-02 1.075015943875408525e-01 1.891342474486026534e-02
2.052774234689786533e-03 1.393096301017631745e-02 7.872289540800636240e-03 9.510522959164718904e-02 3.818957270400551995e-01 2.909359056116650466e-01 4.462292729582943707e-02 3.535554846931729389e-02 1.089963329079460391e-01 1.923230229588003895e-02
2.092633928567257801e-03 1.291454081630079125e-02 8.669483418350068527e-03 1.023796237242857593e-01 3.887316645400415993e-01 3.025749362238867590e-01 5.518574617335940402e-02 3.503667091829752028e-02 7.549426020393117109e-02 1.692044005098668549e-02
1.873405612241164312e-03 1.379145408160516693e-02 9.984853316306630325e-03 1.007055165814319531e-01 3.915019132645258804e-01 2.959781568871652224e-01 5.357142857132180663e-02 3.587372448972442340e-02 7.786591198964072646e-02 1.885363520404405649e-02
1.873405612241164312e-03 1.323341836732056485e-02 9.486607142838235363e-03 1.034159757651000183e-01 3.933354591828895352e-01 2.964564732136948932e-01 5.191725127540672974e-02 3.627232142849913521e-02 7.653061224474543012e-02 1.747847576527128757e-02
1.992984693873578982e-03 1.393096301017631745e-02 9.347098214267084842e-03 1.025789221936731083e-01 3.988360969379806109e-01 2.914740114790109193e-01 5.215640943867156515e-02 3.667091836727385396e-02 7.419882015291334731e-02 1.881377551016658739e-02
1.793686224486221127e-03 1.255580357140354854e-02 9.685905612225594735e-03 9.982860331612757043e-02 4.072066326522496560e-01 2.894212372443211168e-01 5.153858418357075422e-02 3.665098852033511767e-02 7.429846938760702180e-02 1.702008928568036344e-02
1.554528061221391571e-03 1.353236607140160218e-02 8.529974489778918006e-03 1.029775191324478339e-01 4.070870535706172522e-01 2.845782844382083732e-01 5.070153061214385110e-02 3.641183035707028920e-02 7.595264668352209869e-02 1.867426658159543687e-02
1.056281887752996826e-03 1.090162627548847685e-02 6.895727040802583467e-03 9.193638392838819617e-02 3.553890306115365938e-01 3.327287946421940146e-01 4.440369897950333794e-02 3.382095025503463470e-02 1.083386479589677487e-01 1.452885841833839037e-02
1.295440051017826381e-03 1.080197704079479890e-02 8.051658163249259328e-03 9.369021045899694755e-02 3.577606823972461769e-01 3.257533482136364955e-01 4.384566326521873586e-02 3.487723214278763001e-02 1.102519132650863903e-01 1.367187499997275270e-02
1.534598214282655937e-03 1.177853954079285254e-02 7.792570153045693705e-03 9.452726403042385761e-02 3.635204081625408312e-01 3.193160076524248492e-01 4.639668367337691779e-02 3.362165178564727880e-02 1.058673469385645188e-01 1.564492984690759453e-02
1.395089285711505200e-03 1.136001275507940098e-02 7.633131377535807768e-03 9.528459821409580865e-02 3.664700255094737180e-01 3.169044961728377796e-01 4.695471938766151987e-02 3.459821428564532897e-02 1.035554846936711654e-01 1.584422831629495390e-02
1.315369897956562232e-03 1.074218749997859004e-02 7.573341836719599783e-03 9.745695153041801506e-02 3.732860331625213468e-01 3.111447704075431808e-01 4.635682397949944522e-02 3.627232142849913521e-02 9.952965561204653311e-02 1.632254464282461084e-02
1.474808673466448386e-03 1.004464285712283744e-02 7.174744897944884507e-03 9.691884566307214233e-02 3.733657525502762642e-01 2.992865114789953762e-01 4.645647321419312664e-02 3.495695153054257515e-02 1.142976721936497519e-01 1.602359693874357352e-02
1.614317602037598906e-03 1.213727678569009698e-02 7.334183673454770444e-03 9.743702168347927184e-02 3.853037308665790417e-01 2.997847576524637625e-01 4.577885841827610686e-02 3.300382653054646787e-02 9.972895408143389595e-02 1.787707270404600285e-02
1.793686224486221127e-04 5.580357142846020801e-03 2.052774234689786533e-03 9.153778698961348437e-02 3.158282844381460897e-01 3.469387755095126313e-01 5.133928571418339831e-02 5.705915178560056616e-02 1.226881377548575264e-01 6.796077806108904648e-03
3.388073979585084290e-04 5.640146683662228787e-03 1.833545918363692611e-03 9.195631377532693940e-02 3.122807716830510727e-01 3.457031249993109956e-01 5.082110969377626186e-02 5.759725765294643196e-02 1.274314413262766510e-01 6.397480867334188505e-03
1.514668367343920087e-03 1.132015306120192841e-02 7.872289540800636240e-03 9.161750637736842950e-02 3.648756377543748708e-01 3.165457589279405681e-01 4.203204719379378257e-02 3.499681122442004771e-02 1.126235650507959457e-01 1.660156249996691188e-02
1.474808673466448386e-03 1.137994260201813553e-02 7.672991071413279469e-03 9.129862882634864896e-02 3.671675701523294810e-01 3.154296874993713362e-01 4.219148596930366590e-02 3.531568877543982132e-02 1.117665816324303063e-01 1.630261479588587456e-02
1.494738520405184236e-03 1.153938137752802233e-02 7.453762755087185547e-03 9.125876913247117639e-02 3.697385204074263854e-01 3.133370535708041027e-01 4.209183673460999142e-02 3.519610969380740362e-02 1.114875637752880122e-01 1.640226403057955598e-02
1.534598214282655937e-03 1.167889030609917285e-02 7.712850765290751170e-03 9.054129464267669791e-02 3.718909438768098208e-01 3.123206313769285591e-01 4.171316964277400896e-02 3.521603954074613990e-02 1.109095982140646669e-01 1.648198341833449765e-02
1.534598214282655937e-03 1.181839923467032337e-02 7.971938775494315926e-03 9.107940051002255677e-02 3.714724170910964074e-01 3.112244897952980982e-01 4.163345025501906382e-02 3.513632015299119477e-02 1.112683354589619200e-01 1.686065051017047664e-02
1.574457908160127421e-03 1.221699617344503865e-02 7.672991071413279469e-03 9.207589285695934322e-02 3.741828762747644310e-01 3.075374681116319620e-01 4.257015306113964836e-02 3.515624999992993105e-02 1.103117028059025923e-01 1.670121173466059331e-02
1.594387755098863272e-03 1.229671556119998205e-02 7.792570153045693705e-03 9.223533163246923350e-02 3.742426658155806884e-01 3.075573979585707329e-01 4.241071428562975809e-02 3.523596938768487619e-02 1.096340880099855863e-01 1.700015943874162716e-02
1.594387755098863272e-03 1.251594387752607597e-02 7.692920918352014886e-03 9.189652423451072361e-02 3.746611926012941018e-01 3.063217474483690972e-01 4.298867984685309646e-02 3.495695153054257515e-02 1.100526147956990275e-01 1.731903698976140077e-02
1.574457908160127421e-03 1.223692602038377493e-02 7.653061224474543185e-03 9.221540178553050415e-02 3.758968431114957376e-01 3.059430803565331147e-01 4.322783801011793187e-02 3.487723214278763001e-02 1.091159119895784568e-01 1.725924744894519539e-02
1.554528061221391571e-03 1.207748724487388813e-02 7.712850765290751170e-03 9.289301658144752394e-02 3.757573341829245628e-01 3.060028698973493166e-01 4.282924107134321312e-02 3.465800382646153782e-02 1.091557716834559155e-01 1.735889668363887334e-02
